"day" "day_of_year" "in_gr" "in_sp" "in_wi" "month" "or_gr" "or_sp" "or_wi" "up_gr" "up_ot" "up_sp" "up_wi" "zeros"
"1" 1 1 0 0 0 1 0 0 0 0 0 0 0 0
"2" 2 2 0 0 0 1 0 0 0 0 0 0 0 0
"3" 3 3 0 0 0 1 0 0 0 0 0 0 0 0
"4" 4 4 0 0 0 1 0 0 0 0 0 0 0 0
"5" 5 5 0 0 0 1 0 0 0 0 0 0 0 0
"6" 6 6 0 0 0 1 0 0 0 0 0 0 0 0
"7" 7 7 0 0 0 1 0 0 0 0 0 0 0 0
"8" 8 8 0 0 0 1 0 0 0 0 0 0 0 0
"9" 9 9 0 0 0 1 0 0 0 0 0 0 0 0
"10" 10 10 0 0 0 1 0 0 0 0 0 0 0 0
"11" 11 11 0 0 0 1 0 0 0 0 0 0 0 0
"12" 12 12 0 0 0 1 0 0 0 0 0 0 0 0
"13" 13 13 0 0 0 1 0 0 0 0 0 0 0 0
"14" 14 14 0 0 0 1 0 0 0 0 0 0 0 0
"15" 15 15 0 0 0 1 0 0 0 0 0 0 0 0
"16" 16 16 0 0 0 1 0 0 0 0 0 0 0 0
"17" 17 17 0 0 0 1 0 0 0 0 0 0 0 0
"18" 18 18 0 0 0 1 0 0 0 0 0 0 0 0
"19" 19 19 0 0 0 1 0 0 0 0 0 0 0 0
"20" 20 20 0 0 0 1 0 0 0 0 0 0 0 0
"21" 21 21 0 0 0 1 0 0 0 0 0 0 0 0
"22" 22 22 0 0 0 1 0 0 0 0 0 0 0 0
"23" 23 23 0 0 0 1 0 0 0 0 0 0 0 0
"24" 24 24 0 0 0 1 0 0 0 0 0 0 0 0
"25" 25 25 0 0 0 1 0 0 0 0 0 0 0 0
"26" 26 26 0 0 0 1 0 0 0 0 0 0 0 0
"27" 27 27 0 0 0 1 0 0 0 0 0 0 0 0
"28" 28 28 0 0 0 1 0 0 0 0 0 0 0 0
"29" 29 29 0 0 0 1 0 0 0 0 0 0 0 0
"30" 30 30 0 0 0 1 0 0 0 0 0 0 0 0
"31" 31 31 0 0 0 1 0 0 0 0 0 0 0 0
"32" 1 32 0 0 0 2 0 0 0 0 0 0 0 0
"33" 2 33 0 0 0 2 0 0 0 0 0 0 0 0
"34" 3 34 0 0 0 2 0 0 0 0 0 0 0 0
"35" 4 35 0 0 0 2 0 0 0 0 0 0 0 0
"36" 5 36 0 0 0 2 0 0 0 0 0 0 0 0
"37" 6 37 0 0 0 2 0 0 0 0 0 0 0 0
"38" 7 38 0 0 0 2 0 0 0 0 0 0 0 0
"39" 8 39 0 0 0 2 0 0 0 0 0 0 0 0
"40" 9 40 0 0 0 2 0 0 0 0 0 0 0 0
"41" 10 41 0 0 0 2 0 0 0 0 0 0 0 0
"42" 11 42 0 0 0 2 0 0 0 0 0 0 0 0
"43" 12 43 0 0 0 2 0 0 0 0 0 0 0 0
"44" 13 44 0 0 0 2 0 0 0 0 0 0 0 0
"45" 14 45 0 0 0 2 0 0 0 0 0 0 0 0
"46" 15 46 0.00600000005215406 0.0199999995529652 0.00999999977648258 2 0 0.0199999995529652 0.00999999977648258 0 0 0 0 0
"47" 16 47 0.00600000005215406 0.0199999995529652 0.00999999977648258 2 0 0.0199999995529652 0.00999999977648258 0 0 0 0 0
"48" 17 48 0.00600000005215406 0.0199999995529652 0.00999999977648258 2 0 0.0199999995529652 0.00999999977648258 0 0 0 0 0
"49" 18 49 0.00600000005215406 0.0199999995529652 0.00999999977648258 2 0 0.0199999995529652 0.00999999977648258 0 0 0 0 0
"50" 19 50 0.00600000005215406 0.0199999995529652 0.00999999977648258 2 0 0.0199999995529652 0.00999999977648258 0 0 0 0 0
"51" 20 51 0.00600000005215406 0.0199999995529652 0.00999999977648258 2 0 0.0199999995529652 0.00999999977648258 0 0 0 0 0
"52" 21 52 0.00600000005215406 0.0199999995529652 0.00999999977648258 2 0 0.0199999995529652 0.00999999977648258 0 0 0 0 0
"53" 22 53 0.00600000005215406 0.0199999995529652 0.00999999977648258 2 0 0.0199999995529652 0.00999999977648258 0 0 0 0 0
"54" 23 54 0.00600000005215406 0.0199999995529652 0.00999999977648258 2 0 0.0199999995529652 0.00999999977648258 0 0 0 0 0
"55" 24 55 0.00600000005215406 0.0199999995529652 0.00999999977648258 2 0 0.0199999995529652 0.00999999977648258 0 0 0 0 0
"56" 25 56 0.00600000005215406 0.0199999995529652 0.00999999977648258 2 0 0.0199999995529652 0.00999999977648258 0 0 0 0 0
"57" 26 57 0.00600000005215406 0.0199999995529652 0.00999999977648258 2 0 0.0199999995529652 0.00999999977648258 0 0 0 0 0
"58" 27 58 0.00600000005215406 0.0199999995529652 0.00999999977648258 2 0 0.0199999995529652 0.00999999977648258 0 0 0 0 0
"59" 28 59 0.00600000005215406 0.0199999995529652 0.00999999977648258 2 0 0.0199999995529652 0.00999999977648258 0 0 0 0 0
"60" 29 60 0.00600000005215406 0.0199999995529652 0.00999999977648258 2 0 0.0199999995529652 0.00999999977648258 0 0 0 0 0
"61" 1 61 0.00600000005215406 0.0199999995529652 0.00999999977648258 3 0.00549999997019768 0.0199999995529652 0.00999999977648258 0 0 0 0 0
"62" 2 62 0.00600000005215406 0.0199999995529652 0.00999999977648258 3 0.00549999997019768 0.0199999995529652 0.00999999977648258 0 0 0 0 0
"63" 3 63 0.00600000005215406 0.0199999995529652 0.00999999977648258 3 0.00549999997019768 0.0199999995529652 0.00999999977648258 0 0 0 0 0
"64" 4 64 0.00600000005215406 0.0199999995529652 0.00999999977648258 3 0.00549999997019768 0.0199999995529652 0.00999999977648258 0 0 0 0 0
"65" 5 65 0.00600000005215406 0.0199999995529652 0.00999999977648258 3 0.00549999997019768 0.0199999995529652 0.00999999977648258 0 0 0 0 0
"66" 6 66 0.00600000005215406 0.0199999995529652 0.00999999977648258 3 0.00549999997019768 0.0199999995529652 0.00999999977648258 0 0 0 0 0
"67" 7 67 0.00600000005215406 0.0199999995529652 0.00999999977648258 3 0.00549999997019768 0.0199999995529652 0.00999999977648258 0 0 0 0 0
"68" 8 68 0.00600000005215406 0.0199999995529652 0.00999999977648258 3 0.00549999997019768 0.0199999995529652 0.00999999977648258 0 0 0 0 0
"69" 9 69 0.00600000005215406 0.0199999995529652 0.00999999977648258 3 0.00549999997019768 0.0199999995529652 0.00999999977648258 0 0 0 0 0
"70" 10 70 0.00600000005215406 0.0199999995529652 0.00999999977648258 3 0.00549999997019768 0.0199999995529652 0.00999999977648258 0 0 0 0 0
"71" 11 71 0.00600000005215406 0.0199999995529652 0.00999999977648258 3 0.00549999997019768 0.0199999995529652 0.00999999977648258 0 0 0 0 0
"72" 12 72 0.00600000005215406 0.0199999995529652 0.00999999977648258 3 0.00549999997019768 0.0199999995529652 0.00999999977648258 0 0 0 0 0
"73" 13 73 0.00600000005215406 0.0199999995529652 0.00999999977648258 3 0.00549999997019768 0.0199999995529652 0.00999999977648258 0 0 0 0 0
"74" 14 74 0.00600000005215406 0.0199999995529652 0.00999999977648258 3 0.00549999997019768 0.0199999995529652 0.00999999977648258 0 0 0 0 0
"75" 15 75 0.00600000005215406 0.0199999995529652 0.00999999977648258 3 0.00549999997019768 0.0199999995529652 0.00999999977648258 0 0 0 0 0
"76" 16 76 0.00600000005215406 0.0199999995529652 0.00999999977648258 3 0.00549999997019768 0.0199999995529652 0.00999999977648258 0.00240000011399388 0.00240000011399388 0.00410000002011657 0.00370000000111759 0
"77" 17 77 0.00600000005215406 0.0199999995529652 0.00999999977648258 3 0.00549999997019768 0.0199999995529652 0.00999999977648258 0.00240000011399388 0.00240000011399388 0.00410000002011657 0.00370000000111759 0
"78" 18 78 0.00600000005215406 0.0199999995529652 0.00999999977648258 3 0.00549999997019768 0.0199999995529652 0.00999999977648258 0.00240000011399388 0.00240000011399388 0.00410000002011657 0.00370000000111759 0
"79" 19 79 0.00600000005215406 0.0199999995529652 0.00999999977648258 3 0.00549999997019768 0.0199999995529652 0.00999999977648258 0.00240000011399388 0.00240000011399388 0.00410000002011657 0.00370000000111759 0
"80" 20 80 0.00600000005215406 0.0199999995529652 0.00999999977648258 3 0.00549999997019768 0.0199999995529652 0.00999999977648258 0.00249999994412065 0.00249999994412065 0.00410000002011657 0.00370000000111759 0
"81" 21 81 0.00600000005215406 0.0199999995529652 0.00999999977648258 3 0.00549999997019768 0.0199999995529652 0.00999999977648258 0.00249999994412065 0.00249999994412065 0.00410000002011657 0.00370000000111759 0
"82" 22 82 0.00600000005215406 0.0199999995529652 0.00999999977648258 3 0.00549999997019768 0.0199999995529652 0.00999999977648258 0.00249999994412065 0.00249999994412065 0.00410000002011657 0.00370000000111759 0
"83" 23 83 0.00600000005215406 0.0199999995529652 0.00999999977648258 3 0.00549999997019768 0.0199999995529652 0.00999999977648258 0.00249999994412065 0.00249999994412065 0.00410000002011657 0.00370000000111759 0
"84" 24 84 0.00600000005215406 0.0199999995529652 0.00999999977648258 3 0.00549999997019768 0.0199999995529652 0.00999999977648258 0.00260000000707805 0.00260000000707805 0.00410000002011657 0.00370000000111759 0
"85" 25 85 0.00600000005215406 0.0199999995529652 0.00999999977648258 3 0.00549999997019768 0.0199999995529652 0.00999999977648258 0.00260000000707805 0.00260000000707805 0.00410000002011657 0.00370000000111759 0
"86" 26 86 0.00600000005215406 0.0199999995529652 0.00999999977648258 3 0.00549999997019768 0.0199999995529652 0.00999999977648258 0.00260000000707805 0.00260000000707805 0.00410000002011657 0.00370000000111759 0
"87" 27 87 0.00600000005215406 0.0199999995529652 0.00999999977648258 3 0.00549999997019768 0.0199999995529652 0.00999999977648258 0.00260000000707805 0.00260000000707805 0.00410000002011657 0.00370000000111759 0
"88" 28 88 0.00600000005215406 0.0199999995529652 0.00999999977648258 3 0.00549999997019768 0.0199999995529652 0.00999999977648258 0.00270000007003546 0.00270000007003546 0.00410000002011657 0.00370000000111759 0
"89" 29 89 0.00600000005215406 0.0199999995529652 0.00999999977648258 3 0.00549999997019768 0.0199999995529652 0.00999999977648258 0.00270000007003546 0.00270000007003546 0.00410000002011657 0.00370000000111759 0
"90" 30 90 0.00600000005215406 0.0199999995529652 0.00999999977648258 3 0.00549999997019768 0.0199999995529652 0.00999999977648258 0.00270000007003546 0.00270000007003546 0.00430000014603138 0.00389999989420176 0
"91" 31 91 0.00600000005215406 0.0199999995529652 0.00999999977648258 3 0.00549999997019768 0.0199999995529652 0.00999999977648258 0.00270000007003546 0.00270000007003546 0.00439999997615814 0.00389999989420176 0
"92" 1 92 0.00600000005215406 0.0199999995529652 0.00999999977648258 4 0.00549999997019768 0.0199999995529652 0.00999999977648258 0.00279999990016222 0.00279999990016222 0.00439999997615814 0.00400000018998981 0
"93" 2 93 0.00600000005215406 0.0199999995529652 0.00999999977648258 4 0.00549999997019768 0.0199999995529652 0.00999999977648258 0.00279999990016222 0.00279999990016222 0.00439999997615814 0.00400000018998981 0
"94" 3 94 0.00600000005215406 0.0199999995529652 0.00999999977648258 4 0.00549999997019768 0.0199999995529652 0.00999999977648258 0.00279999990016222 0.00279999990016222 0.0044999998062849 0.00400000018998981 0
"95" 4 95 0.00600000005215406 0.0199999995529652 0.00999999977648258 4 0.00549999997019768 0.0199999995529652 0.00999999977648258 0.00279999990016222 0.00279999990016222 0.0044999998062849 0.00410000002011657 0
"96" 5 96 0.00600000005215406 0.0199999995529652 0.00999999977648258 4 0.00549999997019768 0.0199999995529652 0.00999999977648258 0.00279999990016222 0.00279999990016222 0.00460000010207295 0.00410000002011657 0
"97" 6 97 0.00600000005215406 0 0 4 0.00549999997019768 0 0 0.00289999996311963 0.00289999996311963 0.00460000010207295 0.00410000002011657 0
"98" 7 98 0.00600000005215406 0 0 4 0.00549999997019768 0 0 0.00289999996311963 0.00289999996311963 0.00460000010207295 0.00419999985024333 0
"99" 8 99 0.00600000005215406 0 0 4 0.00549999997019768 0 0 0.00289999996311963 0.00289999996311963 0.00469999993219972 0.00419999985024333 0
"100" 9 100 0.00600000005215406 0 0 4 0.00549999997019768 0 0 0.00289999996311963 0.00289999996311963 0.00469999993219972 0.00419999985024333 0
"101" 10 101 0.00600000005215406 0 0 4 0.00549999997019768 0 0 0.00289999996311963 0.00289999996311963 0.00480000022798777 0.00430000014603138 0
"102" 11 102 0.00600000005215406 0 0 4 0.00549999997019768 0 0 0.00300000002607703 0.00300000002607703 0.00480000022798777 0.00430000014603138 0
"103" 12 103 0.00600000005215406 0 0 4 0.00549999997019768 0 0 0.00300000002607703 0.00300000002607703 0.00480000022798777 0.00430000014603138 0
"104" 13 104 0.00600000005215406 0 0 4 0.00549999997019768 0 0 0.00300000002607703 0.00300000002607703 0.00490000005811453 0.00439999997615814 0
"105" 14 105 0.00600000005215406 0 0 4 0.00549999997019768 0 0 0.00300000002607703 0.00300000002607703 0.00490000005811453 0.00439999997615814 0
"106" 15 106 0.00600000005215406 0 0 4 0.00549999997019768 0 0 0.00310000008903444 0.00310000008903444 0.00499999988824129 0.0044999998062849 0
"107" 16 107 0.00600000005215406 0 0 4 0.00549999997019768 0 0 0.00310000008903444 0.00310000008903444 0.00499999988824129 0.0044999998062849 0
"108" 17 108 0.00600000005215406 0 0 4 0.00549999997019768 0 0 0.00310000008903444 0.00310000008903444 0.00499999988824129 0.0044999998062849 0
"109" 18 109 0.00600000005215406 0 0 4 0.00549999997019768 0 0 0.00310000008903444 0.00310000008903444 0.00510000018402934 0.00460000010207295 0
"110" 19 110 0.00600000005215406 0 0 4 0.00549999997019768 0 0 0.00310000008903444 0.00310000008903444 0.00510000018402934 0.00460000010207295 0
"111" 20 111 0.00600000005215406 0 0 4 0.00549999997019768 0 0 0.0031999999191612 0.0031999999191612 0.00510000018402934 0.00460000010207295 0
"112" 21 112 0.00600000005215406 0 0 4 0.00549999997019768 0 0 0.0031999999191612 0.0031999999191612 0.0052000000141561 0.00469999993219972 0
"113" 22 113 0.00600000005215406 0 0 4 0.00549999997019768 0 0 0.0031999999191612 0.0031999999191612 0.0052000000141561 0.00469999993219972 0
"114" 23 114 0.00600000005215406 0 0 4 0.00549999997019768 0 0 0.0031999999191612 0.0031999999191612 0.00529999984428287 0.00469999993219972 0
"115" 24 115 0.00600000005215406 0 0 4 0.00549999997019768 0 0 0.0031999999191612 0.0031999999191612 0.00529999984428287 0.00480000022798777 0
"116" 25 116 0.00600000005215406 0 0 4 0.00549999997019768 0 0 0.0031999999191612 0.0031999999191612 0.00529999984428287 0.00480000022798777 0
"117" 26 117 0.00600000005215406 0 0 4 0.00549999997019768 0 0 0.00329999998211861 0.00329999998211861 0.00540000014007092 0.00480000022798777 0
"118" 27 118 0.00600000005215406 0 0 4 0.00549999997019768 0 0 0.00329999998211861 0.00329999998211861 0.00540000014007092 0.00490000005811453 0
"119" 28 119 0.00600000005215406 0 0 4 0.00549999997019768 0 0 0.00329999998211861 0.00329999998211861 0.00540000014007092 0.00490000005811453 0
"120" 29 120 0.00600000005215406 0 0 4 0.00549999997019768 0 0 0.00329999998211861 0.00329999998211861 0.00549999997019768 0.00490000005811453 0
"121" 30 121 0.00600000005215406 0 0 4 0.00549999997019768 0 0 0.00329999998211861 0.00329999998211861 0.00549999997019768 0.00499999988824129 0
"122" 1 122 0.00600000005215406 0 0 5 0.00549999997019768 0 0 0.00340000004507601 0.00340000004507601 0.00559999980032444 0.00499999988824129 0
"123" 2 123 0.00600000005215406 0 0 5 0.00549999997019768 0 0 0.00340000004507601 0.00340000004507601 0.00559999980032444 0.00499999988824129 0
"124" 3 124 0.00600000005215406 0 0 5 0.00549999997019768 0 0 0.00340000004507601 0.00340000004507601 0.00559999980032444 0.00510000018402934 0
"125" 4 125 0.00600000005215406 0 0 5 0.00549999997019768 0 0 0.00340000004507601 0.00340000004507601 0.00570000009611249 0.00510000018402934 0
"126" 5 126 0.00600000005215406 0 0 5 0.00549999997019768 0 0 0.00340000004507601 0.00340000004507601 0.00570000009611249 0.00510000018402934 0
"127" 6 127 0.00600000005215406 0 0 5 0.00549999997019768 0 0 0.00340000004507601 0.00340000004507601 0.00570000009611249 0.0052000000141561 0
"128" 7 128 0.00600000005215406 0 0 5 0.00549999997019768 0 0 0.00350000010803342 0.00350000010803342 0.00579999992623925 0.0052000000141561 0
"129" 8 129 0.00600000005215406 0 0 5 0.00549999997019768 0 0 0.00350000010803342 0.00350000010803342 0.00579999992623925 0.0052000000141561 0
"130" 9 130 0.00600000005215406 0 0 5 0.00549999997019768 0 0 0.00350000010803342 0.00350000010803342 0.00579999992623925 0.0052000000141561 0
"131" 10 131 0.00600000005215406 0 0 5 0.00549999997019768 0 0 0.00350000010803342 0.00350000010803342 0.0059000002220273 0.00529999984428287 0
"132" 11 132 0.00600000005215406 0 0 5 0.00549999997019768 0 0 0.00350000010803342 0.00350000010803342 0.0059000002220273 0.00529999984428287 0
"133" 12 133 0.00600000005215406 0 0 5 0.00549999997019768 0 0 0.00350000010803342 0.00350000010803342 0.0059000002220273 0.00529999984428287 0
"134" 13 134 0.00600000005215406 0 0 5 0.00549999997019768 0 0 0.00359999993816018 0.00359999993816018 0.00600000005215406 0.00540000014007092 0
"135" 14 135 0.00600000005215406 0 0 5 0.00549999997019768 0 0 0.00359999993816018 0.00359999993816018 0.00600000005215406 0.00540000014007092 0
"136" 15 136 0.00600000005215406 0 0 5 0.00549999997019768 0 0 0.00359999993816018 0.00359999993816018 0.00600000005215406 0.00540000014007092 0
"137" 16 137 0.00600000005215406 0 0 5 0.00549999997019768 0 0 0.00359999993816018 0.00359999993816018 0.00609999988228083 0.00540000014007092 0
"138" 17 138 0.00600000005215406 0 0 5 0.00549999997019768 0 0 0.00359999993816018 0.00359999993816018 0.00609999988228083 0.00549999997019768 0
"139" 18 139 0.00600000005215406 0 0 5 0.00549999997019768 0 0 0.00359999993816018 0.00359999993816018 0.00609999988228083 0.00549999997019768 0
"140" 19 140 0.00600000005215406 0 0 5 0.00549999997019768 0 0 0.00370000000111759 0.00370000000111759 0.00609999988228083 0.00549999997019768 0
"141" 20 141 0.00600000005215406 0 0 5 0.00549999997019768 0 0 0.00370000000111759 0.00370000000111759 0.00620000017806888 0.00559999980032444 0
"142" 21 142 0.00600000005215406 0 0 5 0.00549999997019768 0 0 0.00370000000111759 0.00370000000111759 0.00620000017806888 0.00559999980032444 0
"143" 22 143 0.00600000005215406 0 0 5 0.00549999997019768 0 0 0.00370000000111759 0.00370000000111759 0.00620000017806888 0.00559999980032444 0
"144" 23 144 0.00600000005215406 0 0 5 0.00549999997019768 0 0 0.00370000000111759 0.00370000000111759 0.00630000000819564 0.00559999980032444 0
"145" 24 145 0.00600000005215406 0 0 5 0.00549999997019768 0 0 0.00370000000111759 0.00370000000111759 0.00630000000819564 0.00570000009611249 0
"146" 25 146 0.00600000005215406 0 0 5 0.00549999997019768 0 0 0.00370000000111759 0.00370000000111759 0.00630000000819564 0.00570000009611249 0
"147" 26 147 0.00600000005215406 0 0 5 0.00549999997019768 0 0 0.00380000006407499 0.00380000006407499 0.00630000000819564 0.00570000009611249 0
"148" 27 148 0.00600000005215406 0 0 5 0.00549999997019768 0 0 0.00380000006407499 0.00380000006407499 0.0063999998383224 0.00570000009611249 0
"149" 28 149 0.00600000005215406 0 0 5 0.00549999997019768 0 0 0.00380000006407499 0.00380000006407499 0.0063999998383224 0.00570000009611249 0
"150" 29 150 0.00600000005215406 0 0 5 0.00549999997019768 0 0 0.00380000006407499 0.00380000006407499 0.0063999998383224 0.00579999992623925 0
"151" 30 151 0.00600000005215406 0 0 5 0.00549999997019768 0 0 0.00380000006407499 0.00380000006407499 0.0063999998383224 0.00579999992623925 0
"152" 31 152 0.00600000005215406 0 0 5 0.00549999997019768 0 0 0.00380000006407499 0.00380000006407499 0.0063999998383224 0.00579999992623925 0
"153" 1 153 0.00600000005215406 0 0 6 0.00549999997019768 0 0 0.00380000006407499 0.00380000006407499 0.00650000013411045 0.00579999992623925 0
"154" 2 154 0.00600000005215406 0 0 6 0.00549999997019768 0 0 0.00380000006407499 0.00380000006407499 0.00650000013411045 0.00579999992623925 0
"155" 3 155 0.00600000005215406 0 0 6 0.00549999997019768 0 0 0.00389999989420176 0.00389999989420176 0.00650000013411045 0.0059000002220273 0
"156" 4 156 0.00600000005215406 0 0 6 0.00549999997019768 0 0 0.00389999989420176 0.00389999989420176 0.00650000013411045 0.0059000002220273 0
"157" 5 157 0.00600000005215406 0 0 6 0.00549999997019768 0 0 0.00389999989420176 0.00389999989420176 0.00659999996423721 0.0059000002220273 0
"158" 6 158 0.00600000005215406 0 0 6 0.00549999997019768 0 0 0.00389999989420176 0.00389999989420176 0.00659999996423721 0.0059000002220273 0
"159" 7 159 0.00600000005215406 0 0 6 0.00549999997019768 0 0 0.00389999989420176 0.00389999989420176 0.00659999996423721 0.0059000002220273 0
"160" 8 160 0.00600000005215406 0 0 6 0.00549999997019768 0 0 0.00389999989420176 0.00389999989420176 0.00659999996423721 0.0059000002220273 0
"161" 9 161 0.00600000005215406 0 0 6 0.00549999997019768 0 0 0.00389999989420176 0.00389999989420176 0.00659999996423721 0.00600000005215406 0
"162" 10 162 0.00600000005215406 0 0 6 0.00549999997019768 0 0 0.00389999989420176 0.00389999989420176 0.00659999996423721 0.00600000005215406 0
"163" 11 163 0.00600000005215406 0 0 6 0.00549999997019768 0 0 0.00400000018998981 0.00400000018998981 0.00669999979436398 0.00600000005215406 0
"164" 12 164 0.00600000005215406 0 0 6 0.00549999997019768 0 0 0.00400000018998981 0.00400000018998981 0.00669999979436398 0.00600000005215406 0
"165" 13 165 0.00600000005215406 0 0 6 0.00549999997019768 0 0 0.00400000018998981 0.00400000018998981 0.00669999979436398 0.00600000005215406 0
"166" 14 166 0.00600000005215406 0 0 6 0.00549999997019768 0 0 0.00400000018998981 0.00400000018998981 0.00669999979436398 0.00600000005215406 0
"167" 15 167 0.00600000005215406 0 0 6 0.00549999997019768 0 0 0.00400000018998981 0.00400000018998981 0.00669999979436398 0.00600000005215406 0
"168" 16 168 0.00600000005215406 0 0 6 0.00549999997019768 0 0 0.00400000018998981 0.00400000018998981 0.00669999979436398 0.00609999988228083 0
"169" 17 169 0.00600000005215406 0 0 6 0.00549999997019768 0 0 0.00400000018998981 0.00400000018998981 0.00669999979436398 0.00609999988228083 0
"170" 18 170 0.00600000005215406 0 0 6 0.00549999997019768 0 0 0.00400000018998981 0.00400000018998981 0.00680000009015203 0.00609999988228083 0
"171" 19 171 0.00600000005215406 0 0 6 0.00549999997019768 0 0 0.00400000018998981 0.00400000018998981 0.00680000009015203 0.00609999988228083 0
"172" 20 172 0.00600000005215406 0 0 6 0.00549999997019768 0 0 0.00410000002011657 0.00410000002011657 0.00680000009015203 0.00609999988228083 0
"173" 21 173 0.00600000005215406 0 0 6 0.00549999997019768 0 0 0.00410000002011657 0.00410000002011657 0.00680000009015203 0.00609999988228083 0
"174" 22 174 0.00600000005215406 0 0 6 0.00549999997019768 0 0 0.00410000002011657 0.00410000002011657 0.00680000009015203 0.00609999988228083 0
"175" 23 175 0.00600000005215406 0 0 6 0.00549999997019768 0 0 0.00410000002011657 0.00410000002011657 0.00680000009015203 0.00609999988228083 0
"176" 24 176 0.00600000005215406 0 0 6 0.00549999997019768 0 0 0.00410000002011657 0.00410000002011657 0.00680000009015203 0.00609999988228083 0
"177" 25 177 0.00600000005215406 0 0 6 0.00549999997019768 0 0 0.00410000002011657 0.00410000002011657 0.00680000009015203 0.00609999988228083 0
"178" 26 178 0.00600000005215406 0 0 6 0.00549999997019768 0 0 0.00410000002011657 0.00410000002011657 0.00680000009015203 0.00609999988228083 0
"179" 27 179 0.00600000005215406 0 0 6 0.00549999997019768 0 0 0.00410000002011657 0.00410000002011657 0.00680000009015203 0.00609999988228083 0
"180" 28 180 0.00600000005215406 0 0 6 0.00549999997019768 0 0 0.00410000002011657 0.00410000002011657 0.00680000009015203 0.00609999988228083 0
"181" 29 181 0.00600000005215406 0 0 6 0.00549999997019768 0 0 0.00410000002011657 0.00410000002011657 0.00680000009015203 0.00609999988228083 0
"182" 30 182 0.00600000005215406 0 0 6 0.00549999997019768 0 0 0.00410000002011657 0.00410000002011657 0.00680000009015203 0.00620000017806888 0
"183" 1 183 0.00600000005215406 0 0 7 0.00549999997019768 0 0 0.00419999985024333 0.00419999985024333 0.00680000009015203 0.00620000017806888 0
"184" 2 184 0.00600000005215406 0 0 7 0.00549999997019768 0 0 0.00419999985024333 0.00419999985024333 0.00680000009015203 0.00620000017806888 0
"185" 3 185 0.00600000005215406 0 0 7 0.00549999997019768 0 0 0.00419999985024333 0.00419999985024333 0.00680000009015203 0.00620000017806888 0
"186" 4 186 0.00600000005215406 0 0 7 0.00549999997019768 0 0 0.00419999985024333 0.00419999985024333 0.00680000009015203 0.00620000017806888 0
"187" 5 187 0.00600000005215406 0 0 7 0.00549999997019768 0 0 0.00419999985024333 0.00419999985024333 0.00680000009015203 0.00620000017806888 0
"188" 6 188 0.00600000005215406 0 0 7 0.00549999997019768 0 0 0.00419999985024333 0.00419999985024333 0.00680000009015203 0.00620000017806888 0
"189" 7 189 0.00600000005215406 0 0 7 0.00549999997019768 0 0 0.00419999985024333 0.00419999985024333 0.00680000009015203 0.00620000017806888 0
"190" 8 190 0.00600000005215406 0 0 7 0.00549999997019768 0 0 0.00419999985024333 0.00419999985024333 0.00680000009015203 0.00620000017806888 0
"191" 9 191 0.00600000005215406 0 0 7 0.00549999997019768 0 0 0.00419999985024333 0.00419999985024333 0.00680000009015203 0.00620000017806888 0
"192" 10 192 0.00600000005215406 0 0 7 0.00549999997019768 0 0 0.00419999985024333 0.00419999985024333 0.00680000009015203 0.00609999988228083 0
"193" 11 193 0.00600000005215406 0 0 7 0.00549999997019768 0 0 0.00419999985024333 0.00419999985024333 0.00680000009015203 0.00609999988228083 0
"194" 12 194 0.00600000005215406 0 0 7 0.00549999997019768 0 0 0.00419999985024333 0.00419999985024333 0.00680000009015203 0.00609999988228083 0
"195" 13 195 0.00600000005215406 0 0 7 0.00549999997019768 0 0 0.00419999985024333 0.00419999985024333 0.00680000009015203 0.00609999988228083 0
"196" 14 196 0.00600000005215406 0 0 7 0.00549999997019768 0 0 0.00419999985024333 0.00419999985024333 0.00680000009015203 0.00609999988228083 0
"197" 15 197 0.00600000005215406 0 0 7 0.00549999997019768 0 0 0.00419999985024333 0.00419999985024333 0.00680000009015203 0.00609999988228083 0
"198" 16 198 0.00600000005215406 0 0 7 0.00549999997019768 0 0 0.00430000014603138 0.00430000014603138 0.00680000009015203 0.00609999988228083 0
"199" 17 199 0.00600000005215406 0 0 7 0.00549999997019768 0 0 0.00430000014603138 0.00430000014603138 0.00680000009015203 0.00609999988228083 0
"200" 18 200 0.00600000005215406 0 0 7 0.00549999997019768 0 0 0.00430000014603138 0.00430000014603138 0.00680000009015203 0.00609999988228083 0
"201" 19 201 0.00600000005215406 0 0 7 0.00549999997019768 0 0 0.00430000014603138 0.00430000014603138 0.00680000009015203 0.00609999988228083 0
"202" 20 202 0.00600000005215406 0 0 7 0.00549999997019768 0 0 0.00430000014603138 0.00430000014603138 0.00680000009015203 0.00609999988228083 0
"203" 21 203 0.00600000005215406 0 0 7 0.00549999997019768 0 0 0.00430000014603138 0.00430000014603138 0.00669999979436398 0.00609999988228083 0
"204" 22 204 0.00600000005215406 0 0 7 0.00549999997019768 0 0 0.00430000014603138 0.00430000014603138 0.00669999979436398 0.00609999988228083 0
"205" 23 205 0.00600000005215406 0 0 7 0.00549999997019768 0 0 0.00430000014603138 0.00430000014603138 0.00669999979436398 0.00609999988228083 0
"206" 24 206 0.00600000005215406 0 0 7 0.00549999997019768 0 0 0.00430000014603138 0.00430000014603138 0.00669999979436398 0.00600000005215406 0
"207" 25 207 0.00600000005215406 0 0 7 0.00549999997019768 0 0 0.00430000014603138 0.00430000014603138 0.00669999979436398 0.00600000005215406 0
"208" 26 208 0.00600000005215406 0 0 7 0.00549999997019768 0 0 0.00430000014603138 0.00430000014603138 0.00669999979436398 0.00600000005215406 0
"209" 27 209 0.00600000005215406 0 0 7 0.00549999997019768 0 0 0.00430000014603138 0.00430000014603138 0.00669999979436398 0.00600000005215406 0
"210" 28 210 0.00600000005215406 0 0 7 0.00549999997019768 0 0 0.00430000014603138 0.00430000014603138 0.00669999979436398 0.00600000005215406 0
"211" 29 211 0.00600000005215406 0 0 7 0.00549999997019768 0 0 0.00430000014603138 0.00430000014603138 0.00659999996423721 0.00600000005215406 0
"212" 30 212 0.00600000005215406 0 0 7 0.00549999997019768 0 0 0.00430000014603138 0.00430000014603138 0.00659999996423721 0.00600000005215406 0
"213" 31 213 0.00600000005215406 0 0 7 0.00549999997019768 0 0 0.00430000014603138 0.00430000014603138 0.00659999996423721 0.0059000002220273 0
"214" 1 214 0 0 0 8 0.00549999997019768 0 0 0.00430000014603138 0.00430000014603138 0.00659999996423721 0.0059000002220273 0
"215" 2 215 0 0 0 8 0.00549999997019768 0 0 0.00430000014603138 0.00430000014603138 0.00659999996423721 0.0059000002220273 0
"216" 3 216 0 0 0 8 0.00549999997019768 0 0 0.00430000014603138 0.00430000014603138 0.00650000013411045 0.0059000002220273 0
"217" 4 217 0 0 0 8 0.00549999997019768 0 0 0.00430000014603138 0.00430000014603138 0.00650000013411045 0.0059000002220273 0
"218" 5 218 0 0 0 8 0.00549999997019768 0 0 0.00430000014603138 0.00430000014603138 0.00650000013411045 0.0059000002220273 0
"219" 6 219 0 0 0 8 0.00549999997019768 0 0 0.00430000014603138 0.00430000014603138 0.00650000013411045 0.00579999992623925 0
"220" 7 220 0 0 0 8 0.00549999997019768 0 0 0.00430000014603138 0.00430000014603138 0.00650000013411045 0.00579999992623925 0
"221" 8 221 0 0 0 8 0.00549999997019768 0 0 0.00430000014603138 0.00430000014603138 0.0063999998383224 0.00579999992623925 0
"222" 9 222 0 0 0 8 0.00549999997019768 0 0 0.00430000014603138 0.00430000014603138 0.0063999998383224 0.00579999992623925 0
"223" 10 223 0 0 0 8 0.00549999997019768 0 0 0.00430000014603138 0.00430000014603138 0.0063999998383224 0.00579999992623925 0
"224" 11 224 0 0 0 8 0.00549999997019768 0 0 0.00439999997615814 0.00439999997615814 0.0063999998383224 0.00570000009611249 0
"225" 12 225 0 0 0 8 0.00549999997019768 0 0 0.00439999997615814 0.00439999997615814 0.00630000000819564 0.00570000009611249 0
"226" 13 226 0 0 0 8 0.00549999997019768 0 0 0.00439999997615814 0.00439999997615814 0.00630000000819564 0.00570000009611249 0
"227" 14 227 0 0 0 8 0.00549999997019768 0 0 0.00439999997615814 0.00439999997615814 0.00630000000819564 0.00570000009611249 0
"228" 15 228 0 0 0 8 0.00549999997019768 0 0 0.00439999997615814 0.00439999997615814 0.00630000000819564 0.00559999980032444 0
"229" 16 229 0 0 0 8 0.00549999997019768 0 0 0.00439999997615814 0.00439999997615814 0.00620000017806888 0.00559999980032444 0
"230" 17 230 0 0 0 8 0.00549999997019768 0 0 0.00439999997615814 0.00439999997615814 0.00620000017806888 0.00559999980032444 0
"231" 18 231 0 0 0 8 0.00549999997019768 0 0 0.00439999997615814 0.00439999997615814 0.00620000017806888 0.00559999980032444 0
"232" 19 232 0 0 0 8 0.00549999997019768 0 0 0.00439999997615814 0.00439999997615814 0.00620000017806888 0.00549999997019768 0
"233" 20 233 0 0 0 8 0.00549999997019768 0 0 0.00439999997615814 0.00439999997615814 0.00609999988228083 0.00549999997019768 0
"234" 21 234 0 0 0 8 0.00549999997019768 0 0 0.00439999997615814 0.00439999997615814 0.00609999988228083 0.00549999997019768 0
"235" 22 235 0 0 0 8 0.00549999997019768 0 0 0.00439999997615814 0.00439999997615814 0.00609999988228083 0.00549999997019768 0
"236" 23 236 0 0 0 8 0.00549999997019768 0 0 0.00439999997615814 0.00439999997615814 0.00600000005215406 0.00540000014007092 0
"237" 24 237 0 0 0 8 0.00549999997019768 0 0 0.00439999997615814 0.00439999997615814 0.00600000005215406 0.00540000014007092 0
"238" 25 238 0 0 0 8 0.00549999997019768 0 0 0.00439999997615814 0.00439999997615814 0.00600000005215406 0.00540000014007092 0
"239" 26 239 0 0 0 8 0.00549999997019768 0 0 0.00439999997615814 0.00439999997615814 0.00600000005215406 0.00540000014007092 0
"240" 27 240 0 0 0 8 0.00549999997019768 0 0 0.00439999997615814 0.00439999997615814 0.0059000002220273 0.00529999984428287 0
"241" 28 241 0 0 0 8 0.00549999997019768 0 0 0.00439999997615814 0.00439999997615814 0.0059000002220273 0.00529999984428287 0
"242" 29 242 0 0 0 8 0.00549999997019768 0 0 0.00439999997615814 0.00439999997615814 0.0059000002220273 0.00529999984428287 0
"243" 30 243 0 0 0 8 0.00549999997019768 0 0 0.00439999997615814 0.00439999997615814 0.00579999992623925 0.0052000000141561 0
"244" 31 244 0 0 0 8 0.00549999997019768 0 0 0.00439999997615814 0.00439999997615814 0.00579999992623925 0.0052000000141561 0
"245" 1 245 0 0 0 9 0 0 0 0.00439999997615814 0.00439999997615814 0 0 0
"246" 2 246 0 0 0 9 0 0 0 0.00430000014603138 0.00430000014603138 0 0 0
"247" 3 247 0 0 0 9 0 0 0 0.00430000014603138 0.00430000014603138 0 0 0
"248" 4 248 0 0 0 9 0 0 0 0.00430000014603138 0.00430000014603138 0 0 0
"249" 5 249 0 0 0 9 0 0 0 0.00430000014603138 0.00430000014603138 0 0 0
"250" 6 250 0 0 0 9 0 0 0 0.00430000014603138 0.00430000014603138 0 0 0
"251" 7 251 0 0 0 9 0 0 0 0.00430000014603138 0.00430000014603138 0 0 0
"252" 8 252 0 0 0 9 0 0 0 0.00430000014603138 0.00430000014603138 0 0 0
"253" 9 253 0 0 0 9 0 0 0 0.00430000014603138 0.00430000014603138 0 0 0
"254" 10 254 0 0 0 9 0 0 0 0.00430000014603138 0.00430000014603138 0 0 0
"255" 11 255 0 0 0 9 0 0 0 0.00430000014603138 0.00430000014603138 0 0 0
"256" 12 256 0 0 0 9 0 0 0 0.00430000014603138 0.00430000014603138 0 0 0
"257" 13 257 0 0 0 9 0 0 0 0.00430000014603138 0.00430000014603138 0 0 0
"258" 14 258 0 0 0 9 0 0 0 0.00430000014603138 0.00430000014603138 0 0 0
"259" 15 259 0 0 0 9 0 0 0 0.00430000014603138 0.00430000014603138 0 0 0
"260" 16 260 0 0 0 9 0 0 0 0.00430000014603138 0.00430000014603138 0 0 0
"261" 17 261 0 0 0 9 0 0 0 0.00430000014603138 0.00430000014603138 0 0 0
"262" 18 262 0 0 0 9 0 0 0 0.00430000014603138 0.00430000014603138 0 0 0
"263" 19 263 0 0 0 9 0 0 0 0.00430000014603138 0.00430000014603138 0 0 0
"264" 20 264 0 0 0 9 0 0 0 0.00430000014603138 0.00430000014603138 0 0 0
"265" 21 265 0 0 0 9 0 0 0 0.00430000014603138 0.00430000014603138 0 0 0
"266" 22 266 0 0 0 9 0 0 0 0.00430000014603138 0.00430000014603138 0 0 0
"267" 23 267 0 0 0 9 0 0 0 0.00430000014603138 0.00430000014603138 0 0 0
"268" 24 268 0 0 0 9 0 0 0 0.00430000014603138 0.00430000014603138 0 0 0
"269" 25 269 0 0 0 9 0 0 0 0.00430000014603138 0.00430000014603138 0 0 0
"270" 26 270 0 0 0 9 0 0 0 0.00430000014603138 0.00430000014603138 0 0 0
"271" 27 271 0 0 0 9 0 0 0 0.00430000014603138 0.00430000014603138 0 0 0
"272" 28 272 0 0 0 9 0 0 0 0.00419999985024333 0.00419999985024333 0 0 0
"273" 29 273 0 0 0 9 0 0 0 0.00419999985024333 0.00419999985024333 0 0 0
"274" 30 274 0 0 0 9 0 0 0 0.00419999985024333 0.00419999985024333 0 0 0
"275" 1 275 0 0 0 10 0 0 0 0.00419999985024333 0.00419999985024333 0 0 0
"276" 2 276 0 0 0 10 0 0 0 0.00419999985024333 0.00419999985024333 0 0 0
"277" 3 277 0 0 0 10 0 0 0 0.00419999985024333 0.00419999985024333 0 0 0
"278" 4 278 0 0 0 10 0 0 0 0.00419999985024333 0.00419999985024333 0 0 0
"279" 5 279 0 0 0 10 0 0 0 0.00419999985024333 0.00419999985024333 0 0 0
"280" 6 280 0 0 0 10 0 0 0 0.00419999985024333 0.00419999985024333 0 0 0
"281" 7 281 0 0 0 10 0 0 0 0.00419999985024333 0.00419999985024333 0 0 0
"282" 8 282 0 0 0 10 0 0 0 0.00419999985024333 0.00419999985024333 0 0 0
"283" 9 283 0 0 0 10 0 0 0 0.00419999985024333 0.00419999985024333 0 0 0
"284" 10 284 0 0 0 10 0 0 0 0.00419999985024333 0.00419999985024333 0 0 0
"285" 11 285 0 0 0 10 0 0 0 0.00419999985024333 0.00419999985024333 0 0 0
"286" 12 286 0 0 0 10 0 0 0 0.00410000002011657 0.00410000002011657 0 0 0
"287" 13 287 0 0 0 10 0 0 0 0.00410000002011657 0.00410000002011657 0 0 0
"288" 14 288 0 0 0 10 0 0 0 0.00410000002011657 0.00410000002011657 0 0 0
"289" 15 289 0 0 0 10 0 0 0 0.00410000002011657 0.00410000002011657 0 0 0
"290" 16 290 0 0 0.0166999995708466 10 0 0 0.0166999995708466 0.00410000002011657 0.00410000002011657 0 0 0
"291" 17 291 0 0 0.0166999995708466 10 0 0 0.0166999995708466 0.00410000002011657 0.00410000002011657 0 0 0
"292" 18 292 0 0 0.0166999995708466 10 0 0 0.0166999995708466 0.00410000002011657 0.00410000002011657 0 0 0
"293" 19 293 0 0 0.0166999995708466 10 0 0 0.0166999995708466 0.00410000002011657 0.00410000002011657 0 0 0
"294" 20 294 0 0 0.0166999995708466 10 0 0 0.0166999995708466 0.00410000002011657 0.00410000002011657 0 0 0
"295" 21 295 0 0 0.0166999995708466 10 0 0 0.0166999995708466 0.00410000002011657 0.00410000002011657 0 0 0
"296" 22 296 0 0 0.0166999995708466 10 0 0 0.0166999995708466 0.00410000002011657 0.00410000002011657 0 0 0
"297" 23 297 0 0 0.0166999995708466 10 0 0 0.0166999995708466 0.00400000018998981 0.00400000018998981 0 0 0
"298" 24 298 0 0 0.0166999995708466 10 0 0 0.0166999995708466 0.00400000018998981 0.00400000018998981 0 0 0
"299" 25 299 0 0 0.0166999995708466 10 0 0 0.0166999995708466 0.00400000018998981 0.00400000018998981 0 0 0
"300" 26 300 0 0 0.0166999995708466 10 0 0 0.0166999995708466 0.00400000018998981 0.00400000018998981 0 0 0
"301" 27 301 0 0 0.0166999995708466 10 0 0 0.0166999995708466 0.00400000018998981 0.00400000018998981 0 0 0
"302" 28 302 0 0 0.0166999995708466 10 0 0 0.0166999995708466 0.00400000018998981 0.00400000018998981 0 0 0
"303" 29 303 0 0 0.0166999995708466 10 0 0 0.0166999995708466 0.00400000018998981 0.00400000018998981 0 0 0
"304" 30 304 0 0 0.0166999995708466 10 0 0 0.0166999995708466 0.00400000018998981 0.00400000018998981 0 0 0
"305" 31 305 0 0 0.0166999995708466 10 0 0 0.0166999995708466 0.00400000018998981 0.00400000018998981 0 0 0
"306" 1 306 0 0 0.0166999995708466 11 0 0 0.0166999995708466 0.00400000018998981 0.00400000018998981 0 0.000600000028498471 0
"307" 2 307 0 0 0.0166999995708466 11 0 0 0.0166999995708466 0.00389999989420176 0.00389999989420176 0 0.00109999999403954 0
"308" 3 308 0 0 0.0166999995708466 11 0 0 0.0166999995708466 0.00389999989420176 0.00389999989420176 0 0.0015999999595806 0
"309" 4 309 0 0 0.0166999995708466 11 0 0 0.0166999995708466 0.00389999989420176 0.00389999989420176 0 0.00209999992512167 0
"310" 5 310 0 0 0.0166999995708466 11 0 0 0.0166999995708466 0.00389999989420176 0.00389999989420176 0 0.00249999994412065 0
"311" 6 311 0 0 0.0166999995708466 11 0 0 0.0166999995708466 0.00389999989420176 0.00389999989420176 0 0.00289999996311963 0
"312" 7 312 0 0 0.0166999995708466 11 0 0 0.0166999995708466 0.00389999989420176 0.00389999989420176 0 0.00329999998211861 0
"313" 8 313 0 0 0.0166999995708466 11 0 0 0.0166999995708466 0.00389999989420176 0.00389999989420176 0 0.00359999993816018 0
"314" 9 314 0 0 0.0166999995708466 11 0 0 0.0166999995708466 0.00389999989420176 0.00389999989420176 0 0.00389999989420176 0
"315" 10 315 0 0 0.0166999995708466 11 0 0 0.0166999995708466 0.00380000006407499 0.00380000006407499 0 0.00410000002011657 0
"316" 11 316 0 0 0.0166999995708466 11 0 0 0.0166999995708466 0.00380000006407499 0.00380000006407499 0 0.00430000014603138 0
"317" 12 317 0 0 0.0166999995708466 11 0 0 0.0166999995708466 0.00380000006407499 0.00380000006407499 0 0.0044999998062849 0
"318" 13 318 0 0 0.0166999995708466 11 0 0 0.0166999995708466 0.00380000006407499 0.00380000006407499 0 0.00460000010207295 0
"319" 14 319 0 0 0.0166999995708466 11 0 0 0.0166999995708466 0.00380000006407499 0.00380000006407499 0 0.00469999993219972 0
"320" 15 320 0 0 0 11 0 0 0 0.00380000006407499 0.00380000006407499 0 0.00480000022798777 0
"321" 16 321 0 0 0 11 0 0 0 0.00380000006407499 0.00380000006407499 0 0.00480000022798777 0
"322" 17 322 0 0 0 11 0 0 0 0.00370000000111759 0.00370000000111759 0 0.00469999993219972 0
"323" 18 323 0 0 0 11 0 0 0 0.00370000000111759 0.00370000000111759 0 0.00469999993219972 0
"324" 19 324 0 0 0 11 0 0 0 0.00370000000111759 0.00370000000111759 0 0.00460000010207295 0
"325" 20 325 0 0 0 11 0 0 0 0.00370000000111759 0.00370000000111759 0 0.00439999997615814 0
"326" 21 326 0 0 0 11 0 0 0 0.00370000000111759 0.00370000000111759 0 0.00419999985024333 0
"327" 22 327 0 0 0 11 0 0 0 0.00370000000111759 0.00370000000111759 0 0.00400000018998981 0
"328" 23 328 0 0 0 11 0 0 0 0.00370000000111759 0.00370000000111759 0 0.00380000006407499 0
"329" 24 329 0 0 0 11 0 0 0 0.00359999993816018 0.00359999993816018 0 0.00350000010803342 0
"330" 25 330 0 0 0 11 0 0 0 0.00359999993816018 0.00359999993816018 0 0.00310000008903444 0
"331" 26 331 0 0 0 11 0 0 0 0.00359999993816018 0.00359999993816018 0 0.00279999990016222 0
"332" 27 332 0 0 0 11 0 0 0 0.00359999993816018 0.00359999993816018 0 0.00230000005103648 0
"333" 28 333 0 0 0 11 0 0 0 0.00359999993816018 0.00359999993816018 0 0.0019000000320375 0
"334" 29 334 0 0 0 11 0 0 0 0.00359999993816018 0.00359999993816018 0 0.00139999995008111 0
"335" 30 335 0 0 0 11 0 0 0 0.00359999993816018 0.00359999993816018 0 0.000899999984540045 0
"336" 1 336 0 0 0 12 0 0 0 0 0 0 0 0
"337" 2 337 0 0 0 12 0 0 0 0 0 0 0 0
"338" 3 338 0 0 0 12 0 0 0 0 0 0 0 0
"339" 4 339 0 0 0 12 0 0 0 0 0 0 0 0
"340" 5 340 0 0 0 12 0 0 0 0 0 0 0 0
"341" 6 341 0 0 0 12 0 0 0 0 0 0 0 0
"342" 7 342 0 0 0 12 0 0 0 0 0 0 0 0
"343" 8 343 0 0 0 12 0 0 0 0 0 0 0 0
"344" 9 344 0 0 0 12 0 0 0 0 0 0 0 0
"345" 10 345 0 0 0 12 0 0 0 0 0 0 0 0
"346" 11 346 0 0 0 12 0 0 0 0 0 0 0 0
"347" 12 347 0 0 0 12 0 0 0 0 0 0 0 0
"348" 13 348 0 0 0 12 0 0 0 0 0 0 0 0
"349" 14 349 0 0 0 12 0 0 0 0 0 0 0 0
"350" 15 350 0 0 0 12 0 0 0 0 0 0 0 0
"351" 16 351 0 0 0 12 0 0 0 0 0 0 0 0
"352" 17 352 0 0 0 12 0 0 0 0 0 0 0 0
"353" 18 353 0 0 0 12 0 0 0 0 0 0 0 0
"354" 19 354 0 0 0 12 0 0 0 0 0 0 0 0
"355" 20 355 0 0 0 12 0 0 0 0 0 0 0 0
"356" 21 356 0 0 0 12 0 0 0 0 0 0 0 0
"357" 22 357 0 0 0 12 0 0 0 0 0 0 0 0
"358" 23 358 0 0 0 12 0 0 0 0 0 0 0 0
"359" 24 359 0 0 0 12 0 0 0 0 0 0 0 0
"360" 25 360 0 0 0 12 0 0 0 0 0 0 0 0
"361" 26 361 0 0 0 12 0 0 0 0 0 0 0 0
"362" 27 362 0 0 0 12 0 0 0 0 0 0 0 0
"363" 28 363 0 0 0 12 0 0 0 0 0 0 0 0
"364" 29 364 0 0 0 12 0 0 0 0 0 0 0 0
"365" 30 365 0 0 0 12 0 0 0 0 0 0 0 0
"366" 31 366 0 0 0 12 0 0 0 0 0 0 0 0
