day	day_of_year	in_gr	in_sp	in_wi	month	or_gr	or_sp	or_wi	up_gr	up_ot	up_sp	up_wi	zeros
1	1	0	0	0	1	0	0	0	0	0	0	0	0
2	2	0	0	0	1	0	0	0	0	0	0	0	0
3	3	0	0	0	1	0	0	0	0	0	0	0	0
4	4	0	0	0	1	0	0	0	0	0	0	0	0
5	5	0	0	0	1	0	0	0	0	0	0	0	0
6	6	0	0	0	1	0	0	0	0	0	0	0	0
7	7	0	0	0	1	0	0	0	0	0	0	0	0
8	8	0	0	0	1	0	0	0	0	0	0	0	0
9	9	0	0	0	1	0	0	0	0	0	0	0	0
10	10	0	0	0	1	0	0	0	0	0	0	0	0
11	11	0	0	0	1	0	0	0	0	0	0	0	0
12	12	0	0	0	1	0	0	0	0	0	0	0	0
13	13	0	0	0	1	0	0	0	0	0	0	0	0
14	14	0	0	0	1	0	0	0	0	0	0	0	0
15	15	0	0	0	1	0	0	0	0	0	0	0	0
16	16	0	0	0	1	0	0	0	0	0	0	0	0
17	17	0	0	0	1	0	0	0	0	0	0	0	0
18	18	0	0	0	1	0	0	0	0	0	0	0	0
19	19	0	0	0	1	0	0	0	0	0	0	0	0
20	20	0	0	0	1	0	0	0	0	0	0	0	0
21	21	0	0	0	1	0	0	0	0	0	0	0	0
22	22	0	0	0	1	0	0	0	0	0	0	0	0
23	23	0	0	0	1	0	0	0	0	0	0	0	0
24	24	0	0	0	1	0	0	0	0	0	0	0	0
25	25	0	0	0	1	0	0	0	0	0	0	0	0
26	26	0	0	0	1	0	0	0	0	0	0	0	0
27	27	0	0	0	1	0	0	0	0	0	0	0	0
28	28	0	0	0	1	0	0	0	0	0	0	0	0
29	29	0	0	0	1	0	0	0	0	0	0	0	0
30	30	0	0	0	1	0	0	0	0	0	0	0	0
1	31	0	0	0	2	0	0	0	0	0	0	0	0
2	32	0	0	0	2	0	0	0	0	0	0	0	0
3	33	0	0	0	2	0	0	0	0	0	0	0	0
4	34	0	0	0	2	0	0	0	0	0	0	0	0
5	35	0	0	0	2	0	0	0	0	0	0	0	0
6	36	0	0	0	2	0	0	0	0	0	0	0	0
7	37	0	0	0	2	0	0	0	0	0	0	0	0
8	38	0	0	0	2	0	0	0	0	0	0	0	0
9	39	0	0	0	2	0	0	0	0	0	0	0	0
10	40	0	0	0	2	0	0	0	0	0	0	0	0
11	41	0	0	0	2	0	0	0	0	0	0	0	0
12	42	0	0	0	2	0	0	0	0	0	0	0	0
13	43	0	0	0	2	0	0	0	0	0	0	0	0
14	44	0	0	0	2	0	0	0	0	0	0	0	0
15	45	0.006024096	0.019607843	0.009803922	2	0	0.019607843	0.009803922	0	0	0	0	0
16	46	0.006024096	0.019607843	0.009803922	2	0	0.019607843	0.009803922	0	0	0	0	0
17	47	0.006024096	0.019607843	0.009803922	2	0	0.019607843	0.009803922	0	0	0	0	0
18	48	0.006024096	0.019607843	0.009803922	2	0	0.019607843	0.009803922	0	0	0	0	0
19	49	0.006024096	0.019607843	0.009803922	2	0	0.019607843	0.009803922	0	0	0	0	0
20	50	0.006024096	0.019607843	0.009803922	2	0	0.019607843	0.009803922	0	0	0	0	0
21	51	0.006024096	0.019607843	0.009803922	2	0	0.019607843	0.009803922	0	0	0	0	0
22	52	0.006024096	0.019607843	0.009803922	2	0	0.019607843	0.009803922	0	0	0	0	0
23	53	0.006024096	0.019607843	0.009803922	2	0	0.019607843	0.009803922	0	0	0	0	0
24	54	0.006024096	0.019607843	0.009803922	2	0	0.019607843	0.009803922	0	0	0	0	0
25	55	0.006024096	0.019607843	0.009803922	2	0	0.019607843	0.009803922	0	0	0	0	0
26	56	0.006024096	0.019607843	0.009803922	2	0	0.019607843	0.009803922	0	0	0	0	0
27	57	0.006024096	0.019607843	0.009803922	2	0	0.019607843	0.009803922	0	0	0	0	0
28	58	0.006024096	0.019607843	0.009803922	2	0	0.019607843	0.009803922	0	0	0	0	0
29	59	0.006024096	0.019607843	0.009803922	2	0	0.019607843	0.009803922	0	0	0	0	0
30	60	0.006024096	0.019607843	0.009803922	2	0	0.019607843	0.009803922	0	0	0	0	0
1	61	0.006024096	0.019607843	0.009803922	3	0.005555556	0.019607843	0.009803922	0	0	0	0	0
2	62	0.006024096	0.019607843	0.009803922	3	0.005555556	0.019607843	0.009803922	0	0	0	0	0
3	63	0.006024096	0.019607843	0.009803922	3	0.005555556	0.019607843	0.009803922	0	0	0	0	0
4	64	0.006024096	0.019607843	0.009803922	3	0.005555556	0.019607843	0.009803922	0	0	0	0	0
5	65	0.006024096	0.019607843	0.009803922	3	0.005555556	0.019607843	0.009803922	0	0	0	0	0
6	66	0.006024096	0.019607843	0.009803922	3	0.005555556	0.019607843	0.009803922	0	0	0	0	0
7	67	0.006024096	0.019607843	0.009803922	3	0.005555556	0.019607843	0.009803922	0	0	0	0	0
8	68	0.006024096	0.019607843	0.009803922	3	0.005555556	0.019607843	0.009803922	0	0	0	0	0
9	69	0.006024096	0.019607843	0.009803922	3	0.005555556	0.019607843	0.009803922	0	0	0	0	0
10	70	0.006024096	0.019607843	0.009803922	3	0.005555556	0.019607843	0.009803922	0	0	0	0	0
11	71	0.006024096	0.019607843	0.009803922	3	0.005555556	0.019607843	0.009803922	0	0	0	0	0
12	72	0.006024096	0.019607843	0.009803922	3	0.005555556	0.019607843	0.009803922	0	0	0	0	0
13	73	0.006024096	0.019607843	0.009803922	3	0.005555556	0.019607843	0.009803922	0	0	0	0	0
14	74	0.006024096	0.019607843	0.009803922	3	0.005555556	0.019607843	0.009803922	0	0	0	0	0
15	75	0.006024096	0.019607843	0.009803922	3	0.005555556	0.019607843	0.009803922	0	0	0	0	0
16	76	0.006024096	0.019607843	0.009803922	3	0.005555556	0.019607843	0.009803922	0.002446234	0.002446234	0.004173878	0.003759017	0
17	77	0.006024096	0.019607843	0.009803922	3	0.005555556	0.019607843	0.009803922	0.002446234	0.002446234	0.004173878	0.003759017	0
18	78	0.006024096	0.019607843	0.009803922	3	0.005555556	0.019607843	0.009803922	0.002446234	0.002446234	0.004173878	0.003759017	0
19	79	0.006024096	0.019607843	0.009803922	3	0.005555556	0.019607843	0.009803922	0.002446234	0.002446234	0.004173878	0.003759017	0
20	80	0.006024096	0.019607843	0.009803922	3	0.005555556	0.019607843	0.009803922	0.00254816	0.00254816	0.004173878	0.003759017	0
21	81	0.006024096	0.019607843	0.009803922	3	0.005555556	0.019607843	0.009803922	0.00254816	0.00254816	0.004173878	0.003759017	0
22	82	0.006024096	0.019607843	0.009803922	3	0.005555556	0.019607843	0.009803922	0.00254816	0.00254816	0.004173878	0.003759017	0
23	83	0.006024096	0.019607843	0.009803922	3	0.005555556	0.019607843	0.009803922	0.00254816	0.00254816	0.004173878	0.003759017	0
24	84	0.006024096	0.019607843	0.009803922	3	0.005555556	0.019607843	0.009803922	0.002650087	0.002650087	0.004173878	0.003759017	0
25	85	0.006024096	0.019607843	0.009803922	3	0.005555556	0.019607843	0.009803922	0.002650087	0.002650087	0.004173878	0.003759017	0
26	86	0.006024096	0.019607843	0.009803922	3	0.005555556	0.019607843	0.009803922	0.002650087	0.002650087	0.004173878	0.003759017	0
27	87	0.006024096	0.019607843	0.009803922	3	0.005555556	0.019607843	0.009803922	0.002650087	0.002650087	0.004173878	0.003759017	0
28	88	0.006024096	0.019607843	0.009803922	3	0.005555556	0.019607843	0.009803922	0.002752013	0.002752013	0.004173878	0.003759017	0
29	89	0.006024096	0.019607843	0.009803922	3	0.005555556	0.019607843	0.009803922	0.002752013	0.002752013	0.004173878	0.003759017	0
30	90	0.006024096	0.019607843	0.009803922	3	0.005555556	0.019607843	0.009803922	0.002752013	0.002752013	0.004377482	0.003962207	0
1	91	0.006024096	0.019607843	0.009803922	4	0.005555556	0.019607843	0.009803922	0.002853939	0.002853939	0.004479283	0.004063802	0
2	92	0.006024096	0.019607843	0.009803922	4	0.005555556	0.019607843	0.009803922	0.002853939	0.002853939	0.004479283	0.004063802	0
3	93	0.006024096	0.019607843	0.009803922	4	0.005555556	0.019607843	0.009803922	0.002853939	0.002853939	0.004581085	0.004063802	0
4	94	0.006024096	0.019607843	0.009803922	4	0.005555556	0.019607843	0.009803922	0.002853939	0.002853939	0.004581085	0.004165397	0
5	95	0.006024096	0.019607843	0.009803922	4	0.005555556	0.019607843	0.009803922	0.002853939	0.002853939	0.004682887	0.004165397	0
6	96	0.006024096	0	0	4	0.005555556	0	0	0.002955866	0.002955866	0.004682887	0.004165397	0
7	97	0.006024096	0	0	4	0.005555556	0	0	0.002955866	0.002955866	0.004682887	0.004266992	0
8	98	0.006024096	0	0	4	0.005555556	0	0	0.002955866	0.002955866	0.004784689	0.004266992	0
9	99	0.006024096	0	0	4	0.005555556	0	0	0.002955866	0.002955866	0.004784689	0.004266992	0
10	100	0.006024096	0	0	4	0.005555556	0	0	0.002955866	0.002955866	0.004886491	0.004368587	0
11	101	0.006024096	0	0	4	0.005555556	0	0	0.003057792	0.003057792	0.004886491	0.004368587	0
12	102	0.006024096	0	0	4	0.005555556	0	0	0.003057792	0.003057792	0.004886491	0.004368587	0
13	103	0.006024096	0	0	4	0.005555556	0	0	0.003057792	0.003057792	0.004988293	0.004470182	0
14	104	0.006024096	0	0	4	0.005555556	0	0	0.003057792	0.003057792	0.004988293	0.004470182	0
15	105	0.006024096	0	0	4	0.005555556	0	0	0.003159719	0.003159719	0.005090095	0.004571777	0
16	106	0.006024096	0	0	4	0.005555556	0	0	0.003159719	0.003159719	0.005090095	0.004571777	0
17	107	0.006024096	0	0	4	0.005555556	0	0	0.003159719	0.003159719	0.005090095	0.004571777	0
18	108	0.006024096	0	0	4	0.005555556	0	0	0.003159719	0.003159719	0.005191897	0.004673372	0
19	109	0.006024096	0	0	4	0.005555556	0	0	0.003159719	0.003159719	0.005191897	0.004673372	0
20	110	0.006024096	0	0	4	0.005555556	0	0	0.003261645	0.003261645	0.005191897	0.004673372	0
21	111	0.006024096	0	0	4	0.005555556	0	0	0.003261645	0.003261645	0.005293698	0.004774967	0
22	112	0.006024096	0	0	4	0.005555556	0	0	0.003261645	0.003261645	0.005293698	0.004774967	0
23	113	0.006024096	0	0	4	0.005555556	0	0	0.003261645	0.003261645	0.0053955	0.004774967	0
24	114	0.006024096	0	0	4	0.005555556	0	0	0.003261645	0.003261645	0.0053955	0.004876562	0
25	115	0.006024096	0	0	4	0.005555556	0	0	0.003261645	0.003261645	0.0053955	0.004876562	0
26	116	0.006024096	0	0	4	0.005555556	0	0	0.003363571	0.003363571	0.005497302	0.004876562	0
27	117	0.006024096	0	0	4	0.005555556	0	0	0.003363571	0.003363571	0.005497302	0.004978157	0
28	118	0.006024096	0	0	4	0.005555556	0	0	0.003363571	0.003363571	0.005497302	0.004978157	0
29	119	0.006024096	0	0	4	0.005555556	0	0	0.003363571	0.003363571	0.005599104	0.004978157	0
30	120	0.006024096	0	0	4	0.005555556	0	0	0.003363571	0.003363571	0.005599104	0.005079752	0
1	121	0.006024096	0	0	5	0.005555556	0	0	0.003465498	0.003465498	0.005700906	0.005079752	0
2	122	0.006024096	0	0	5	0.005555556	0	0	0.003465498	0.003465498	0.005700906	0.005079752	0
3	123	0.006024096	0	0	5	0.005555556	0	0	0.003465498	0.003465498	0.005700906	0.005181347	0
4	124	0.006024096	0	0	5	0.005555556	0	0	0.003465498	0.003465498	0.005802708	0.005181347	0
5	125	0.006024096	0	0	5	0.005555556	0	0	0.003465498	0.003465498	0.005802708	0.005181347	0
6	126	0.006024096	0	0	5	0.005555556	0	0	0.003465498	0.003465498	0.005802708	0.005282942	0
7	127	0.006024096	0	0	5	0.005555556	0	0	0.003567424	0.003567424	0.00590451	0.005282942	0
8	128	0.006024096	0	0	5	0.005555556	0	0	0.003567424	0.003567424	0.00590451	0.005282942	0
9	129	0.006024096	0	0	5	0.005555556	0	0	0.003567424	0.003567424	0.00590451	0.005282942	0
10	130	0.006024096	0	0	5	0.005555556	0	0	0.003567424	0.003567424	0.006006312	0.005384537	0
11	131	0.006024096	0	0	5	0.005555556	0	0	0.003567424	0.003567424	0.006006312	0.005384537	0
12	132	0.006024096	0	0	5	0.005555556	0	0	0.003567424	0.003567424	0.006006312	0.005384537	0
13	133	0.006024096	0	0	5	0.005555556	0	0	0.003669351	0.003669351	0.006108114	0.005486132	0
14	134	0.006024096	0	0	5	0.005555556	0	0	0.003669351	0.003669351	0.006108114	0.005486132	0
15	135	0.006024096	0	0	5	0.005555556	0	0	0.003669351	0.003669351	0.006108114	0.005486132	0
16	136	0.006024096	0	0	5	0.005555556	0	0	0.003669351	0.003669351	0.006209915	0.005486132	0
17	137	0.006024096	0	0	5	0.005555556	0	0	0.003669351	0.003669351	0.006209915	0.005587727	0
18	138	0.006024096	0	0	5	0.005555556	0	0	0.003669351	0.003669351	0.006209915	0.005587727	0
19	139	0.006024096	0	0	5	0.005555556	0	0	0.003771277	0.003771277	0.006209915	0.005587727	0
20	140	0.006024096	0	0	5	0.005555556	0	0	0.003771277	0.003771277	0.006311718	0.005689322	0
21	141	0.006024096	0	0	5	0.005555556	0	0	0.003771277	0.003771277	0.006311718	0.005689322	0
22	142	0.006024096	0	0	5	0.005555556	0	0	0.003771277	0.003771277	0.006311718	0.005689322	0
23	143	0.006024096	0	0	5	0.005555556	0	0	0.003771277	0.003771277	0.006413519	0.005689322	0
24	144	0.006024096	0	0	5	0.005555556	0	0	0.003771277	0.003771277	0.006413519	0.005790917	0
25	145	0.006024096	0	0	5	0.005555556	0	0	0.003771277	0.003771277	0.006413519	0.005790917	0
26	146	0.006024096	0	0	5	0.005555556	0	0	0.003873204	0.003873204	0.006413519	0.005790917	0
27	147	0.006024096	0	0	5	0.005555556	0	0	0.003873204	0.003873204	0.006515321	0.005790917	0
28	148	0.006024096	0	0	5	0.005555556	0	0	0.003873204	0.003873204	0.006515321	0.005790917	0
29	149	0.006024096	0	0	5	0.005555556	0	0	0.003873204	0.003873204	0.006515321	0.005892512	0
30	150	0.006024096	0	0	5	0.005555556	0	0	0.003873204	0.003873204	0.006515321	0.005892512	0
1	151	0.006024096	0	0	6	0.005555556	0	0	0.003873204	0.003873204	0.006617123	0.005892512	0
2	152	0.006024096	0	0	6	0.005555556	0	0	0.003873204	0.003873204	0.006617123	0.005892512	0
3	153	0.006024096	0	0	6	0.005555556	0	0	0.00397513	0.00397513	0.006617123	0.005994108	0
4	154	0.006024096	0	0	6	0.005555556	0	0	0.00397513	0.00397513	0.006617123	0.005994108	0
5	155	0.006024096	0	0	6	0.005555556	0	0	0.00397513	0.00397513	0.006718925	0.005994108	0
6	156	0.006024096	0	0	6	0.005555556	0	0	0.00397513	0.00397513	0.006718925	0.005994108	0
7	157	0.006024096	0	0	6	0.005555556	0	0	0.00397513	0.00397513	0.006718925	0.005994108	0
8	158	0.006024096	0	0	6	0.005555556	0	0	0.00397513	0.00397513	0.006718925	0.005994108	0
9	159	0.006024096	0	0	6	0.005555556	0	0	0.00397513	0.00397513	0.006718925	0.006095703	0
10	160	0.006024096	0	0	6	0.005555556	0	0	0.00397513	0.00397513	0.006718925	0.006095703	0
11	161	0.006024096	0	0	6	0.005555556	0	0	0.004077057	0.004077057	0.006820727	0.006095703	0
12	162	0.006024096	0	0	6	0.005555556	0	0	0.004077057	0.004077057	0.006820727	0.006095703	0
13	163	0.006024096	0	0	6	0.005555556	0	0	0.004077057	0.004077057	0.006820727	0.006095703	0
14	164	0.006024096	0	0	6	0.005555556	0	0	0.004077057	0.004077057	0.006820727	0.006095703	0
15	165	0.006024096	0	0	6	0.005555556	0	0	0.004077057	0.004077057	0.006820727	0.006095703	0
16	166	0.006024096	0	0	6	0.005555556	0	0	0.004077057	0.004077057	0.006820727	0.006197297	0
17	167	0.006024096	0	0	6	0.005555556	0	0	0.004077057	0.004077057	0.006820727	0.006197297	0
18	168	0.006024096	0	0	6	0.005555556	0	0	0.004077057	0.004077057	0.006922529	0.006197297	0
19	169	0.006024096	0	0	6	0.005555556	0	0	0.004077057	0.004077057	0.006922529	0.006197297	0
20	170	0.006024096	0	0	6	0.005555556	0	0	0.004178983	0.004178983	0.006922529	0.006197297	0
21	171	0.006024096	0	0	6	0.005555556	0	0	0.004178983	0.004178983	0.006922529	0.006197297	0
22	172	0.006024096	0	0	6	0.005555556	0	0	0.004178983	0.004178983	0.006922529	0.006197297	0
23	173	0.006024096	0	0	6	0.005555556	0	0	0.004178983	0.004178983	0.006922529	0.006197297	0
24	174	0.006024096	0	0	6	0.005555556	0	0	0.004178983	0.004178983	0.006922529	0.006197297	0
25	175	0.006024096	0	0	6	0.005555556	0	0	0.004178983	0.004178983	0.006922529	0.006197297	0
26	176	0.006024096	0	0	6	0.005555556	0	0	0.004178983	0.004178983	0.006922529	0.006197297	0
27	177	0.006024096	0	0	6	0.005555556	0	0	0.004178983	0.004178983	0.006922529	0.006197297	0
28	178	0.006024096	0	0	6	0.005555556	0	0	0.004178983	0.004178983	0.006922529	0.006197297	0
29	179	0.006024096	0	0	6	0.005555556	0	0	0.004178983	0.004178983	0.006922529	0.006197297	0
30	180	0.006024096	0	0	6	0.005555556	0	0	0.004178983	0.004178983	0.006922529	0.006298893	0
1	181	0.006024096	0	0	7	0.005555556	0	0	0.004280909	0.004280909	0.006922529	0.006298893	0
2	182	0.006024096	0	0	7	0.005555556	0	0	0.004280909	0.004280909	0.006922529	0.006298893	0
3	183	0.006024096	0	0	7	0.005555556	0	0	0.004280909	0.004280909	0.006922529	0.006298893	0
4	184	0.006024096	0	0	7	0.005555556	0	0	0.004280909	0.004280909	0.006922529	0.006298893	0
5	185	0.006024096	0	0	7	0.005555556	0	0	0.004280909	0.004280909	0.006922529	0.006298893	0
6	186	0.006024096	0	0	7	0.005555556	0	0	0.004280909	0.004280909	0.006922529	0.006298893	0
7	187	0.006024096	0	0	7	0.005555556	0	0	0.004280909	0.004280909	0.006922529	0.006298893	0
8	188	0.006024096	0	0	7	0.005555556	0	0	0.004280909	0.004280909	0.006922529	0.006298893	0
9	189	0.006024096	0	0	7	0.005555556	0	0	0.004280909	0.004280909	0.006922529	0.006298893	0
10	190	0.006024096	0	0	7	0.005555556	0	0	0.004280909	0.004280909	0.006922529	0.006197297	0
11	191	0.006024096	0	0	7	0.005555556	0	0	0.004280909	0.004280909	0.006922529	0.006197297	0
12	192	0.006024096	0	0	7	0.005555556	0	0	0.004280909	0.004280909	0.006922529	0.006197297	0
13	193	0.006024096	0	0	7	0.005555556	0	0	0.004280909	0.004280909	0.006922529	0.006197297	0
14	194	0.006024096	0	0	7	0.005555556	0	0	0.004280909	0.004280909	0.006922529	0.006197297	0
15	195	0.006024096	0	0	7	0.005555556	0	0	0.004280909	0.004280909	0.006922529	0.006197297	0
16	196	0.006024096	0	0	7	0.005555556	0	0	0.004382836	0.004382836	0.006922529	0.006197297	0
17	197	0.006024096	0	0	7	0.005555556	0	0	0.004382836	0.004382836	0.006922529	0.006197297	0
18	198	0.006024096	0	0	7	0.005555556	0	0	0.004382836	0.004382836	0.006922529	0.006197297	0
19	199	0.006024096	0	0	7	0.005555556	0	0	0.004382836	0.004382836	0.006922529	0.006197297	0
20	200	0.006024096	0	0	7	0.005555556	0	0	0.004382836	0.004382836	0.006922529	0.006197297	0
21	201	0.006024096	0	0	7	0.005555556	0	0	0.004382836	0.004382836	0.006820727	0.006197297	0
22	202	0.006024096	0	0	7	0.005555556	0	0	0.004382836	0.004382836	0.006820727	0.006197297	0
23	203	0.006024096	0	0	7	0.005555556	0	0	0.004382836	0.004382836	0.006820727	0.006197297	0
24	204	0.006024096	0	0	7	0.005555556	0	0	0.004382836	0.004382836	0.006820727	0.006095703	0
25	205	0.006024096	0	0	7	0.005555556	0	0	0.004382836	0.004382836	0.006820727	0.006095703	0
26	206	0.006024096	0	0	7	0.005555556	0	0	0.004382836	0.004382836	0.006820727	0.006095703	0
27	207	0.006024096	0	0	7	0.005555556	0	0	0.004382836	0.004382836	0.006820727	0.006095703	0
28	208	0.006024096	0	0	7	0.005555556	0	0	0.004382836	0.004382836	0.006820727	0.006095703	0
29	209	0.006024096	0	0	7	0.005555556	0	0	0.004382836	0.004382836	0.006718925	0.006095703	0
30	210	0.006024096	0	0	7	0.005555556	0	0	0.004382836	0.004382836	0.006718925	0.006095703	0
1	211	0	0	0	8	0.005555556	0	0	0.004382836	0.004382836	0.006718925	0.005994108	0
2	212	0	0	0	8	0.005555556	0	0	0.004382836	0.004382836	0.006718925	0.005994108	0
3	213	0	0	0	8	0.005555556	0	0	0.004382836	0.004382836	0.006617123	0.005994108	0
4	214	0	0	0	8	0.005555556	0	0	0.004382836	0.004382836	0.006617123	0.005994108	0
5	215	0	0	0	8	0.005555556	0	0	0.004382836	0.004382836	0.006617123	0.005994108	0
6	216	0	0	0	8	0.005555556	0	0	0.004382836	0.004382836	0.006617123	0.005892512	0
7	217	0	0	0	8	0.005555556	0	0	0.004382836	0.004382836	0.006617123	0.005892512	0
8	218	0	0	0	8	0.005555556	0	0	0.004382836	0.004382836	0.006515321	0.005892512	0
9	219	0	0	0	8	0.005555556	0	0	0.004382836	0.004382836	0.006515321	0.005892512	0
10	220	0	0	0	8	0.005555556	0	0	0.004382836	0.004382836	0.006515321	0.005892512	0
11	221	0	0	0	8	0.005555556	0	0	0.004484762	0.004484762	0.006515321	0.005790917	0
12	222	0	0	0	8	0.005555556	0	0	0.004484762	0.004484762	0.006413519	0.005790917	0
13	223	0	0	0	8	0.005555556	0	0	0.004484762	0.004484762	0.006413519	0.005790917	0
14	224	0	0	0	8	0.005555556	0	0	0.004484762	0.004484762	0.006413519	0.005790917	0
15	225	0	0	0	8	0.005555556	0	0	0.004484762	0.004484762	0.006413519	0.005689322	0
16	226	0	0	0	8	0.005555556	0	0	0.004484762	0.004484762	0.006311718	0.005689322	0
17	227	0	0	0	8	0.005555556	0	0	0.004484762	0.004484762	0.006311718	0.005689322	0
18	228	0	0	0	8	0.005555556	0	0	0.004484762	0.004484762	0.006311718	0.005689322	0
19	229	0	0	0	8	0.005555556	0	0	0.004484762	0.004484762	0.006311718	0.005587727	0
20	230	0	0	0	8	0.005555556	0	0	0.004484762	0.004484762	0.006209915	0.005587727	0
21	231	0	0	0	8	0.005555556	0	0	0.004484762	0.004484762	0.006209915	0.005587727	0
22	232	0	0	0	8	0.005555556	0	0	0.004484762	0.004484762	0.006209915	0.005587727	0
23	233	0	0	0	8	0.005555556	0	0	0.004484762	0.004484762	0.006108114	0.005486132	0
24	234	0	0	0	8	0.005555556	0	0	0.004484762	0.004484762	0.006108114	0.005486132	0
25	235	0	0	0	8	0.005555556	0	0	0.004484762	0.004484762	0.006108114	0.005486132	0
26	236	0	0	0	8	0.005555556	0	0	0.004484762	0.004484762	0.006108114	0.005486132	0
27	237	0	0	0	8	0.005555556	0	0	0.004484762	0.004484762	0.006006312	0.005384537	0
28	238	0	0	0	8	0.005555556	0	0	0.004484762	0.004484762	0.006006312	0.005384537	0
29	239	0	0	0	8	0.005555556	0	0	0.004484762	0.004484762	0.006006312	0.005384537	0
30	240	0	0	0	8	0.005555556	0	0	0.004484762	0.004484762	0.00590451	0.005282942	0
1	241	0	0	0	9	0	0	0	0.004484762	0.004484762	0	0	0
2	242	0	0	0	9	0	0	0	0.004382836	0.004382836	0	0	0
3	243	0	0	0	9	0	0	0	0.004382836	0.004382836	0	0	0
4	244	0	0	0	9	0	0	0	0.004382836	0.004382836	0	0	0
5	245	0	0	0	9	0	0	0	0.004382836	0.004382836	0	0	0
6	246	0	0	0	9	0	0	0	0.004382836	0.004382836	0	0	0
7	247	0	0	0	9	0	0	0	0.004382836	0.004382836	0	0	0
8	248	0	0	0	9	0	0	0	0.004382836	0.004382836	0	0	0
9	249	0	0	0	9	0	0	0	0.004382836	0.004382836	0	0	0
10	250	0	0	0	9	0	0	0	0.004382836	0.004382836	0	0	0
11	251	0	0	0	9	0	0	0	0.004382836	0.004382836	0	0	0
12	252	0	0	0	9	0	0	0	0.004382836	0.004382836	0	0	0
13	253	0	0	0	9	0	0	0	0.004382836	0.004382836	0	0	0
14	254	0	0	0	9	0	0	0	0.004382836	0.004382836	0	0	0
15	255	0	0	0	9	0	0	0	0.004382836	0.004382836	0	0	0
16	256	0	0	0	9	0	0	0	0.004382836	0.004382836	0	0	0
17	257	0	0	0	9	0	0	0	0.004382836	0.004382836	0	0	0
18	258	0	0	0	9	0	0	0	0.004382836	0.004382836	0	0	0
19	259	0	0	0	9	0	0	0	0.004382836	0.004382836	0	0	0
20	260	0	0	0	9	0	0	0	0.004382836	0.004382836	0	0	0
21	261	0	0	0	9	0	0	0	0.004382836	0.004382836	0	0	0
22	262	0	0	0	9	0	0	0	0.004382836	0.004382836	0	0	0
23	263	0	0	0	9	0	0	0	0.004382836	0.004382836	0	0	0
24	264	0	0	0	9	0	0	0	0.004382836	0.004382836	0	0	0
25	265	0	0	0	9	0	0	0	0.004382836	0.004382836	0	0	0
26	266	0	0	0	9	0	0	0	0.004382836	0.004382836	0	0	0
27	267	0	0	0	9	0	0	0	0.004382836	0.004382836	0	0	0
28	268	0	0	0	9	0	0	0	0.004280909	0.004280909	0	0	0
29	269	0	0	0	9	0	0	0	0.004280909	0.004280909	0	0	0
30	270	0	0	0	9	0	0	0	0.004280909	0.004280909	0	0	0
1	271	0	0	0	10	0	0	0	0.004280909	0.004280909	0	0	0
2	272	0	0	0	10	0	0	0	0.004280909	0.004280909	0	0	0
3	273	0	0	0	10	0	0	0	0.004280909	0.004280909	0	0	0
4	274	0	0	0	10	0	0	0	0.004280909	0.004280909	0	0	0
5	275	0	0	0	10	0	0	0	0.004280909	0.004280909	0	0	0
6	276	0	0	0	10	0	0	0	0.004280909	0.004280909	0	0	0
7	277	0	0	0	10	0	0	0	0.004280909	0.004280909	0	0	0
8	278	0	0	0	10	0	0	0	0.004280909	0.004280909	0	0	0
9	279	0	0	0	10	0	0	0	0.004280909	0.004280909	0	0	0
10	280	0	0	0	10	0	0	0	0.004280909	0.004280909	0	0	0
11	281	0	0	0	10	0	0	0	0.004280909	0.004280909	0	0	0
12	282	0	0	0	10	0	0	0	0.004178983	0.004178983	0	0	0
13	283	0	0	0	10	0	0	0	0.004178983	0.004178983	0	0	0
14	284	0	0	0	10	0	0	0	0.004178983	0.004178983	0	0	0
15	285	0	0	0	10	0	0	0	0.004178983	0.004178983	0	0	0
16	286	0	0	0.017241379	10	0	0	0.017241379	0.004178983	0.004178983	0	0	0
17	287	0	0	0.017241379	10	0	0	0.017241379	0.004178983	0.004178983	0	0	0
18	288	0	0	0.017241379	10	0	0	0.017241379	0.004178983	0.004178983	0	0	0
19	289	0	0	0.017241379	10	0	0	0.017241379	0.004178983	0.004178983	0	0	0
20	290	0	0	0.017241379	10	0	0	0.017241379	0.004178983	0.004178983	0	0	0
21	291	0	0	0.017241379	10	0	0	0.017241379	0.004178983	0.004178983	0	0	0
22	292	0	0	0.017241379	10	0	0	0.017241379	0.004178983	0.004178983	0	0	0
23	293	0	0	0.017241379	10	0	0	0.017241379	0.004077057	0.004077057	0	0	0
24	294	0	0	0.017241379	10	0	0	0.017241379	0.004077057	0.004077057	0	0	0
25	295	0	0	0.017241379	10	0	0	0.017241379	0.004077057	0.004077057	0	0	0
26	296	0	0	0.017241379	10	0	0	0.017241379	0.004077057	0.004077057	0	0	0
27	297	0	0	0.017241379	10	0	0	0.017241379	0.004077057	0.004077057	0	0	0
28	298	0	0	0.017241379	10	0	0	0.017241379	0.004077057	0.004077057	0	0	0
29	299	0	0	0.017241379	10	0	0	0.017241379	0.004077057	0.004077057	0	0	0
30	300	0	0	0.017241379	10	0	0	0.017241379	0.004077057	0.004077057	0	0	0
1	301	0	0	0.017241379	11	0	0	0.017241379	0.004077057	0.004077057	0	0.00060957	0
2	302	0	0	0.017241379	11	0	0	0.017241379	0.00397513	0.00397513	0	0.001117545	0
3	303	0	0	0.017241379	11	0	0	0.017241379	0.00397513	0.00397513	0	0.001625521	0
4	304	0	0	0.017241379	11	0	0	0.017241379	0.00397513	0.00397513	0	0.002133496	0
5	305	0	0	0.017241379	11	0	0	0.017241379	0.00397513	0.00397513	0	0.002539876	0
6	306	0	0	0.017241379	11	0	0	0.017241379	0.00397513	0.00397513	0	0.002946256	0
7	307	0	0	0.017241379	11	0	0	0.017241379	0.00397513	0.00397513	0	0.003352636	0
8	308	0	0	0.017241379	11	0	0	0.017241379	0.00397513	0.00397513	0	0.003657421	0
9	309	0	0	0.017241379	11	0	0	0.017241379	0.00397513	0.00397513	0	0.003962207	0
10	310	0	0	0.017241379	11	0	0	0.017241379	0.003873204	0.003873204	0	0.004165397	0
11	311	0	0	0.017241379	11	0	0	0.017241379	0.003873204	0.003873204	0	0.004368587	0
12	312	0	0	0.017241379	11	0	0	0.017241379	0.003873204	0.003873204	0	0.004571777	0
13	313	0	0	0.017241379	11	0	0	0.017241379	0.003873204	0.003873204	0	0.004673372	0
14	314	0	0	0.017241379	11	0	0	0.017241379	0.003873204	0.003873204	0	0.004774967	0
15	315	0	0	0	11	0	0	0	0.003873204	0.003873204	0	0.004876562	0
16	316	0	0	0	11	0	0	0	0.003873204	0.003873204	0	0.004876562	0
17	317	0	0	0	11	0	0	0	0.003771277	0.003771277	0	0.004774967	0
18	318	0	0	0	11	0	0	0	0.003771277	0.003771277	0	0.004774967	0
19	319	0	0	0	11	0	0	0	0.003771277	0.003771277	0	0.004673372	0
20	320	0	0	0	11	0	0	0	0.003771277	0.003771277	0	0.004470182	0
21	321	0	0	0	11	0	0	0	0.003771277	0.003771277	0	0.004266992	0
22	322	0	0	0	11	0	0	0	0.003771277	0.003771277	0	0.004063802	0
23	323	0	0	0	11	0	0	0	0.003771277	0.003771277	0	0.003860612	0
24	324	0	0	0	11	0	0	0	0.003669351	0.003669351	0	0.003555827	0
25	325	0	0	0	11	0	0	0	0.003669351	0.003669351	0	0.003149446	0
26	326	0	0	0	11	0	0	0	0.003669351	0.003669351	0	0.002844661	0
27	327	0	0	0	11	0	0	0	0.003669351	0.003669351	0	0.002336686	0
28	328	0	0	0	11	0	0	0	0.003669351	0.003669351	0	0.001930306	0
29	329	0	0	0	11	0	0	0	0.003669351	0.003669351	0	0.001422331	0
30	330	0	0	0	11	0	0	0	0.003669351	0.003669351	0	0.000914355	0
1	331	0	0	0	12	0	0	0	0	0	0	0	0
2	332	0	0	0	12	0	0	0	0	0	0	0	0
3	333	0	0	0	12	0	0	0	0	0	0	0	0
4	334	0	0	0	12	0	0	0	0	0	0	0	0
5	335	0	0	0	12	0	0	0	0	0	0	0	0
6	336	0	0	0	12	0	0	0	0	0	0	0	0
7	337	0	0	0	12	0	0	0	0	0	0	0	0
8	338	0	0	0	12	0	0	0	0	0	0	0	0
9	339	0	0	0	12	0	0	0	0	0	0	0	0
10	340	0	0	0	12	0	0	0	0	0	0	0	0
11	341	0	0	0	12	0	0	0	0	0	0	0	0
12	342	0	0	0	12	0	0	0	0	0	0	0	0
13	343	0	0	0	12	0	0	0	0	0	0	0	0
14	344	0	0	0	12	0	0	0	0	0	0	0	0
15	345	0	0	0	12	0	0	0	0	0	0	0	0
16	346	0	0	0	12	0	0	0	0	0	0	0	0
17	347	0	0	0	12	0	0	0	0	0	0	0	0
18	348	0	0	0	12	0	0	0	0	0	0	0	0
19	349	0	0	0	12	0	0	0	0	0	0	0	0
20	350	0	0	0	12	0	0	0	0	0	0	0	0
21	351	0	0	0	12	0	0	0	0	0	0	0	0
22	352	0	0	0	12	0	0	0	0	0	0	0	0
23	353	0	0	0	12	0	0	0	0	0	0	0	0
24	354	0	0	0	12	0	0	0	0	0	0	0	0
25	355	0	0	0	12	0	0	0	0	0	0	0	0
26	356	0	0	0	12	0	0	0	0	0	0	0	0
27	357	0	0	0	12	0	0	0	0	0	0	0	0
28	358	0	0	0	12	0	0	0	0	0	0	0	0
29	359	0	0	0	12	0	0	0	0	0	0	0	0
30	360	0	0	0	12	0	0	0	0	0	0	0	0
